./cbs/CBS_k3_n100_m403_b10_0.cnf
s SATISFIABLE
v -2 70 -37 -18 78 -51 -12 -36 -89 -23 91 -49 -93 -84 22 81 -61 63 33 -66 -53 -19 96 86 35 24 -80 -92 -69 -88 -11 -67 28 -95 -87 -48 31 -38 65 55 -71 -29 64 16 34 45 7 -30 -3 83 98 -77 46 -44 -72 -1 99 52 43 -5 -13 -75 -50 39 -47 32 73 -15 79 42 94 -41 9 76 -4 97 -10 82 14 -85 100 26 8 -57 21 27 -20 90 54 -56 -74 -40 -68 58 25 -60 -6 -62 17 0
---56.031288623809814 seconds ---
./cbs/CBS_k3_n100_m403_b10_100.cnf
s SATISFIABLE
v -67 -37 62 74 15 -27 2 82 46 -73 -10 50 49 90 -85 71 24 -81 11 -56 5 -47 -19 30 -58 44 -92 -93 -61 -55 -76 -72 -41 -84 22 23 42 34 96 -4 38 87 89 64 53 29 75 -59 95 -77 -97 98 33 17 -26 88 -21 -16 -14 28 -13 -18 -78 -3 86 -40 -12 65 45 63 35 -25 6 -43 68 -51 94 -9 99 -7 -80 79 66 -36 69 -48 -100 54 -91 70 -1 -39 -8 32 -57 52 0
---103.55136728286743 seconds ---
./cbs/CBS_k3_n100_m403_b10_101.cnf
s SATISFIABLE
v -87 -39 43 -26 4 -96 -45 60 -50 33 -77 58 46 71 70 -57 53 9 32 81 -54 76 93 -72 -62 5 12 98 79 -91 -78 -89 -90 -15 -19 42 13 3 -73 -28 -44 37 -67 -10 -34 -16 100 -52 84 24 -92 2 11 -17 -99 -56 -95 -6 -63 -14 61 -97 -85 59 -69 -29 -74 -40 -83 -75 -22 -82 -35 86 -25 -38 -36 18 -30 -7 -8 47 -49 94 -64 1 -20 68 -55 21 51 -31 -48 -65 -27 23 -88 0
---733.4297242164612 seconds ---
